# Created from debug
# name: A
# type: matrix
# rows: 32
# columns: 32
 0.193784 0.165698 0.281248 0.881047 0.0336351 0.13495 0.192008 0.515361 0.749319 0.715762 0.310881 0.902114 0.784244 0.288175 0.584571 0.589292 0.90733 0.84189 0.321198 0.617145 0.747287 0.0465203 0.737815 0.545924 0.0909304 0.736168 0.771181 0.973131 0.389843 0.832631 0.872372 0.927124
 0.128963 0.00490324 0.0346337 0.433579 0.603586 0.035986 0.885288 0.317848 0.571553 0.955529 0.127421 0.0120889 0.727753 0.672322 0.125679 0.539302 0.769232 0.601544 0.32631 0.393696 0.888665 0.536143 0.0590126 0.443485 0.842421 0.0990784 0.542167 0.463164 0.578439 0.0795615 0.8478 0.176459
 0.710365 0.732489 0.211129 0.554647 0.614668 0.201756 0.230603 0.903761 0.31792 0.923444 0.327334 0.258225 0.425538 0.29559 0.79776 0.149423 0.606453 0.124569 0.378242 0.464732 0.622726 0.0718016 0.616247 0.803841 0.963461 0.7146 0.28641 0.711225 0.549399 0.934599 0.178107 0.0399078
 0.819072 0.242155 0.323344 0.428714 0.132073 0.641934 0.131033 0.140577 0.794142 0.293693 0.990459 0.347695 0.752419 0.990578 0.387019 0.575001 0.588562 0.36124 0.287535 0.0141314 0.937426 0.504947 0.122821 0.358947 0.25144 0.0781029 0.979897 0.0296858 0.512497 0.784866 0.15496 0.933269
 0.0303367 0.581487 0.369407 0.406816 0.313136 0.380758 0.219983 0.986693 0.341428 0.184362 0.970891 0.16506 0.206823 0.383998 0.349792 0.646346 0.952981 0.697144 0.977379 0.438273 0.142215 0.652449 0.833778 0.858581 0.953395 0.0903252 0.530589 0.242506 0.78329 0.36345 0.300354 0.233053
 0.849166 0.989858 0.11824 0.000825052 0.160188 0.757255 0.781422 0.631163 0.491524 0.036841 0.265029 0.485998 0.945592 0.771034 0.730186 0.638636 0.16295 0.472354 0.218067 0.0775098 0.0681793 0.909806 0.0959521 0.0883751 0.0675817 0.724097 0.328763 0.180733 0.71383 0.185178 0.309434 0.942705
 0.836052 0.275664 0.902982 0.624559 0.448829 0.494483 0.376262 0.0539749 0.428768 0.531977 0.177742 0.329254 0.94364 0.854376 0.783958 0.943273 0.603316 0.719892 0.703217 0.636806 0.160072 0.490341 0.124632 0.0347087 0.672847 0.671346 0.183868 0.646312 0.94706 0.96982 0.535601 0.16529
 0.496053 0.824074 0.427576 0.511738 0.662583 0.0197772 0.930047 0.768871 0.081763 0.391651 0.362742 0.738711 0.441975 0.488943 0.7145 0.122939 0.256695 0.792894 0.844336 0.197868 0.219652 0.460906 0.713925 0.195097 0.958762 0.51951 0.718869 0.571934 0.67621 0.632571 0.784025 0.719492
 0.0617977 0.839121 0.373253 0.225419 0.454712 0.392009 0.615541 0.948189 0.269185 0.830229 0.914657 0.056516 0.156318 0.0423986 0.456077 0.35758 0.143304 0.597788 0.586639 0.0391495 0.177316 0.0996221 0.533649 0.403921 0.680157 0.535195 0.146975 0.703151 0.818806 0.506257 0.86876 0.789554
 0.92797 0.280036 0.100167 0.485321 0.204307 0.124986 0.144687 0.673987 0.204603 0.652848 0.69396 0.688562 0.74707 0.575687 0.894351 0.729392 0.228869 0.489318 0.875491 0.806179 0.875696 0.328506 0.917364 0.0855923 0.903292 0.269357 0.545562 0.328162 0.433939 0.16712 0.0169066 0.4709
 0.586101 0.783252 0.75265 0.111873 0.384166 0.322284 0.385633 0.96374 0.113595 0.76243 0.665878 0.387971 0.397186 0.817761 0.0901192 0.166574 0.880706 0.816823 0.962532 0.696736 0.814947 0.183322 0.443491 0.221791 0.457275 0.936479 0.989141 0.189322 0.0798785 0.544123 0.59718 0.999623
 0.139676 0.244603 0.838297 0.715852 0.02924 0.646947 0.643382 0.104962 0.512991 0.314648 0.81548 0.72945 0.436159 0.473592 0.75354 0.120391 0.960907 0.334825 0.12564 0.186903 0.938965 0.166638 0.124735 0.167693 0.276306 0.438162 0.0735517 0.380677 0.937701 0.264635 0.743127 0.359324
 0.931635 0.148967 0.983467 0.944821 0.552328 0.603558 0.154124 0.308758 0.121166 0.843179 0.326211 0.718687 0.530715 0.300027 0.380054 0.179228 0.491878 0.507123 0.0199943 0.267143 0.452833 0.626688 0.476321 0.119486 0.302753 0.921723 0.489742 0.688281 0.769606 0.426303 0.254303 0.466877
 0.862326 0.543029 0.855906 0.693145 0.747213 0.695048 0.318827 0.106397 0.424367 0.157817 0.858327 0.560756 0.917558 0.495884 0.166531 0.630096 0.797765 0.0947967 0.53547 0.587004 0.237855 0.539618 0.847521 0.96881 0.237239 0.783403 0.607872 0.677842 0.161755 0.0436453 0.612679 0.0319411
 0.654623 0.783926 0.874085 0.551554 0.215109 0.772925 0.656232 0.802799 0.59256 0.316436 0.243589 0.934675 0.429921 0.61866 0.590382 0.576016 0.879655 0.781974 0.693141 0.345366 0.118917 0.600523 0.447164 0.739525 0.863578 0.350757 0.72286 0.466132 0.250456 0.340427 0.399944 0.607011
 0.06982 0.798815 0.603259 0.0752173 0.130104 0.817228 0.923001 0.764205 0.513205 0.723682 0.17671 0.766495 0.827781 0.153674 0.279715 0.467007 0.796412 0.0547691 0.833007 0.045245 0.407673 0.179597 0.327783 0.621133 0.923276 0.0041176 0.957186 0.0300885 0.590652 0.0831236 0.491368 0.216094
 0.261413 0.165021 0.923041 0.617455 0.158211 0.897361 0.0425576 0.862007 0.406135 0.945105 0.892977 0.374717 0.626489 0.527808 0.155293 0.164553 0.532747 0.436502 0.353063 0.613211 0.602042 0.718663 0.820751 0.391232 0.748634 0.508106 0.509364 0.893057 0.981843 0.366943 0.367829 0.510223
 0.403891 0.935397 0.991608 0.512198 0.1075 0.708263 0.340888 0.332243 0.458398 0.726377 0.82662 0.871573 0.969319 0.144025 0.226982 0.17971 0.757846 0.378925 0.406921 0.900002 0.201866 0.718658 0.912827 0.153638 0.771061 0.280371 0.664362 0.281655 0.41068 0.599155 0.450343 0.326101
 0.227407 0.169211 0.939625 0.545265 0.0891318 0.858047 0.0376263 0.43821 0.524262 0.428619 0.142915 0.254293 0.87866 0.884097 0.692673 0.552293 0.578331 0.967824 0.118585 0.355404 0.265775 0.0873413 0.629764 0.107272 0.670388 0.452653 0.926765 0.969511 0.270059 0.871113 0.903568 0.814001
 0.551281 0.108149 0.545909 0.262906 0.887134 0.79969 0.11561 0.0229221 0.58595 0.0672025 0.892747 0.88281 0.0527461 0.83234 0.0127577 0.705514 0.0205687 0.754598 0.813782 0.34608 0.355661 0.299245 0.45322 0.571547 0.654769 0.31504 0.901849 0.369929 0.559376 0.43496 0.359528 0.204663
 0.716158 0.862504 0.936956 0.519659 0.443333 0.0634953 0.823406 0.623441 0.543196 0.273124 0.496133 0.887232 0.371383 0.585242 0.269455 0.299574 0.0631594 0.357538 0.683493 0.375448 0.61999 0.849855 0.826654 0.722732 0.857289 0.346907 0.457802 0.102094 0.0317475 0.982513 0.743144 0.0510003
 0.0619202 0.82249 0.100468 0.976197 0.216808 0.679859 0.954815 0.626356 0.342347 0.449873 0.708316 0.953538 0.59166 0.412766 0.953607 0.714933 0.122207 0.668336 0.427758 0.951822 0.87597 0.32435 0.592683 0.744826 0.175967 0.979077 0.934835 0.243236 0.168038 0.176715 0.177135 0.0691132
 0.507444 0.994077 0.536881 0.0019698 0.661299 0.66896 0.246256 0.00236181 0.490125 0.116754 0.218854 0.942759 0.944819 0.813873 0.554474 0.0929788 0.55229 0.352499 0.161858 0.166265 0.943618 0.419128 0.262493 0.274234 0.118903 0.856219 0.522552 0.823024 0.68188 0.867645 0.337483 0.798621
 0.536685 0.296521 0.550692 0.398885 0.266842 0.863635 0.911541 0.701998 0.89674 0.400205 0.630547 0.14568 0.335585 0.0881404 0.942992 0.860496 0.193146 0.198012 0.187659 0.92604 0.102637 0.411274 0.384085 0.399784 0.181038 0.846583 0.452829 0.851893 0.87287 0.879466 0.718167 0.217745
 0.857878 0.31386 0.245356 0.823231 0.0556911 0.693108 0.820944 0.00225008 0.0481036 0.821031 0.424663 0.19897 0.327854 0.646196 0.473364 0.0476174 0.794157 0.52767 0.921948 0.161544 0.603247 0.351213 0.321084 0.610601 0.0263997 0.417851 0.366214 0.636409 0.692664 0.850888 0.113563 0.674251
 0.139852 0.812797 0.163033 0.836497 0.939892 0.0243683 0.654042 0.218668 0.761171 0.648233 0.777064 0.454303 0.192613 0.628564 0.851587 0.658481 0.833407 0.439231 0.0186411 0.431232 0.11055 0.606402 0.149651 0.98809 0.429568 0.929474 0.207888 0.442356 0.391591 0.980862 0.866944 0.574029
 0.0751081 0.684921 0.131034 0.0950554 0.331541 0.727918 0.688177 0.563723 0.154082 0.758069 0.776536 0.71083 0.999069 0.558771 0.739321 0.14894 0.584376 0.387095 0.252915 0.263607 0.470156 0.979447 0.679671 0.827632 0.838605 0.172886 0.14896 0.294575 0.848234 0.514475 0.355273 0.971354
