# Created from debug
# name: Vcpu
# type: matrix
# rows: 64
# columns: 64
 0.12619 -0.0916934 -0.400232 0.0703835 -0.228499 0.059087 0.0864871 -0.212471 -0.13384 -0.270677 0.000901334 0.00425588 -0.00921734 -0.137737 -0.0873779 0.0978523 -0.169036 0.00508648 0.142929 0.0784794 -0.0765356 0.0220313 -0.150151 0.140819 -0.129174 0.0751631 -0.0524876 -0.187255 -0.0183027 0.156012 0.0337776 0.101564 0.327201 -0.0888079 0.0254286 -0.0517033 0.102625 0.168304 0.188336 -0.0253649 -0.0513146 -0.117242 0.0149558 -0.0472973 -0.023854 -0.0624511 -0.0503281 -0.0798585 -0.042958 -0.043883 -0.0553964 -0.182402 -0.0905993 -0.0759881 -0.0487642 -0.14345 -0.00920544 0.0247765 -0.0283993 0.127233 0.102057 -0.010351 0.150087 -0.145938
 0.123212 0.233755 -0.25218 -0.111789 0.115226 -0.0125667 0.0259585 -0.191946 0.0784203 -0.0593292 0.00396401 -0.0681198 -0.165674 0.0417976 0.00398921 0.0381043 0.0435335 -0.176823 0.120492 0.234746 0.054805 0.0971994 0.146321 0.0356775 0.0818793 -0.0279894 -0.0563572 -0.0142498 0.0731302 0.0813127 0.199598 0.0504554 -0.254622 -0.0440341 -0.0734175 0.322049 -0.0809004 0.0118885 0.0232688 -0.146751 -0.143086 0.00766371 0.141656 -0.111724 0.101841 0.0343754 0.136558 0.0523667 -0.0748791 0.078273 0.0877115 0.15451 0.046332 -0.127931 0.25513 0.0489704 -0.117128 -0.0455732 0.230711 -0.0528646 0.0831077 -0.119912 0.18849 0.0800863
 0.13129 0.0610879 0.446903 0.033783 -0.259417 0.12702 -0.0147067 -0.165089 -0.14636 -0.350469 0.0755223 -0.0463842 -0.0472318 0.0383925 0.141254 -0.0562009 -0.0279255 -0.193681 0.181406 -0.00779819 0.11502 -0.112675 -0.0531215 -0.185959 -0.011228 -0.0699042 -0.0636721 -0.0852883 -0.0823658 -0.0673431 -0.132577 -0.0147946 0.0292413 0.00314399 -0.0787517 -0.0374485 -0.021339 0.0683782 -0.213527 -0.0233207 0.0888258 0.066526 0.00956455 -0.076633 0.062707 0.0805188 0.0994654 -0.109044 0.0322718 -0.0333893 0.128188 -0.0503398 -0.056404 -0.188646 0.00388274 0.087715 0.250779 -0.18924 0.107675 -0.0574245 0.052439 -0.0139129 0.106959 0.0500489
 0.120716 0.138293 -0.214217 0.211347 -0.107541 0.0167099 -0.174099 0.0584054 -0.00600146 0.0827006 -0.0770453 0.0141555 -0.131549 -0.00786229 0.202 -0.215378 -0.0746012 -0.21753 -0.063668 -0.010499 -0.223249 -0.146128 -0.121522 -0.0105882 0.0853888 0.0800613 -0.0430394 -0.00482116 0.106465 0.0351112 -0.0476944 -0.162051 0.114288 0.00504472 -0.0639731 -0.0135448 -0.0166779 -0.0939433 -0.0641619 -0.0653303 0.00751156 0.141042 -0.123882 0.0592347 0.214079 -0.322231 0.168714 0.0415314 0.194825 0.0842975 0.061615 -0.0969302 -0.18363 0.18733 0.170778 0.0500596 -0.111131 -0.194738 0.0090233 0.040297 -0.156818 0.0776713 -0.133229 0.0144542
 0.127307 -0.116415 0.32774 0.0992358 0.0915282 -0.0802388 0.0299083 -0.200637 0.00627072 -0.194246 -0.143964 0.0566072 0.0948284 -0.138769 -0.0780038 0.118848 -0.0158291 0.0261756 -0.0318487 -0.201214 -0.0544941 0.129003 0.127285 0.0602628 0.302224 0.100446 -0.0160088 0.090691 0.17396 0.117774 0.0530923 -0.0161513 0.147725 -0.0254644 -0.110263 -0.163269 0.120842 -0.0297201 0.0141388 -0.231875 -0.14913 0.112669 -0.124834 0.0193139 -0.167989 -0.0555666 -0.0981537 0.209196 0.0858685 -0.0171685 0.100056 0.0876568 0.0042682 -0.0174536 0.100389 -0.0523536 -0.336301 -0.060892 0.0711268 0.000623702 0.102311 -0.0960764 -0.0368105 0.00965366
 0.132078 0.0461199 0.061498 0.146462 0.066893 0.128887 -0.0109106 -0.0377439 -0.168272 0.245078 -0.13619 -0.157478 0.11922 0.164922 0.110564 -0.10542 -0.157722 0.220782 0.170754 -0.0163973 0.015688 0.0791327 0.186516 0.0976627 -0.0232664 -0.0690124 -0.170873 -0.124604 -0.182036 0.118793 -0.116992 -0.183598 0.126799 0.130782 -0.0170389 0.162484 0.0453383 0.0404764 -0.0874733 0.0509839 -0.131702 -0.0266228 0.02175 -0.239754 -0.258999 -0.0528837 0.19492 -0.0236692 0.101629 0.148677 -0.164145 0.142572 0.00218629 0.159333 0.000648974 -0.110014 0.027895 0.00255227 -0.0840849 -0.121617 0.193253 0.0192803 0.0401527 0.0100994
 0.119548 0.0600841 0.042537 0.295176 0.199639 -0.0341928 0.0685086 0.0880879 -0.230955 0.0421043 0.0198095 -0.123062 -0.096012 -0.0378 -0.220641 0.250196 0.0173349 -0.0130395 -0.0361102 0.155246 -0.0035292 0.109686 -0.000570833 -0.147606 0.0183749 0.0472022 0.166239 -0.067283 -0.246273 -0.267785 0.0760933 -0.130463 0.097049 0.129415 0.139715 0.0741909 0.0723945 -0.0327264 -0.0427414 -0.247019 0.105741 -0.0413312 0.0220032 0.102572 0.00547429 0.16603 0.180481 -0.222648 0.071587 -0.0328716 0.060062 -0.127405 -0.0349762 -0.112622 0.110032 0.0513074 -0.219884 0.0475907 -0.104143 0.0531246 -0.116291 0.0722635 -0.0362288 -0.0669666
 0.113816 -0.0878506 0.0655879 -0.23194 -0.136987 0.00419323 0.0355973 0.166434 -0.29923 0.0647282 -0.149814 -0.0764778 0.0185428 -0.379669 -0.0646409 -0.09366 0.0397184 -0.183832 0.0829478 -0.0122633 0.0767955 -0.0139753 0.0444105 0.163809 -0.134804 -0.166242 -0.117653 -0.070627 0.0119275 0.0774509 0.0719403 -0.109874 -0.125148 0.166351 -0.103357 -0.035463 -0.207867 -0.109675 -0.0291268 -0.0247647 -0.00894969 -0.0275409 -0.0293773 0.104501 -0.0312776 -0.0905202 0.146097 -0.0731728 -0.079597 -0.0543676 0.106791 0.0174396 0.112792 0.0400171 -0.09497 0.0723854 -0.109893 0.212083 0.13662 0.275927 0.108659 -0.0498718 -0.21274 -0.0850235
 0.125555 0.297863 0.0932552 -0.0199721 -0.0876861 0.10001 0.0148523 0.259629 0.277783 -0.183683 -0.183115 -0.137499 0.00933169 0.145577 -0.203274 0.182962 0.110221 0.225481 0.0907594 -0.137466 0.0577367 0.141317 -0.0296858 0.127987 -0.158848 0.0377096 0.00697937 -0.150689 0.123682 -0.0367318 0.0405223 -0.0497144 0.00467944 0.131906 0.0422662 0.0739894 -0.106724 0.0253373 0.140336 -0.0472344 -0.00572486 -0.032607 -0.0142346 0.0112596 0.217184 -0.121652 -0.0443108 0.0670507 0.27584 -0.100913 0.0131001 -0.082324 -0.105225 0.0546952 -0.134824 0.123195 0.0566044 -0.00805291 0.128183 -0.136861 0.108236 -0.0421071 -0.0838735 -0.112871
 0.14607 -0.0119619 0.182091 -0.088008 -0.353149 -0.055423 0.0330871 -0.158178 0.0690937 0.508032 0.0426806 0.0902062 -0.114582 -0.00198545 -0.242305 0.137075 0.108545 0.0250874 0.040544 0.118245 -0.0775428 0.188378 -0.0360087 -0.0609461 0.00412996 -0.0938316 0.078342 0.0382159 0.0778441 0.0426668 0.0313189 0.118672 0.0805493 -0.142785 0.081642 0.107157 -0.00624534 0.18804 -0.233598 0.132041 -0.0682362 0.119427 -0.252589 0.0248388 0.130385 -0.0997324 0.00114135 -0.072064 0.0245099 -0.0247829 0.00388923 -0.0462795 -0.054982 -0.0395021 0.0716861 -0.101635 -0.00259429 0.0471652 -0.0513295 0.0174606 0.0749929 -0.0623579 0.0117548 0.0139417
 0.122217 -0.233522 0.026412 -0.0877592 0.105465 -0.120232 0.266392 0.129503 0.0404496 -0.00450443 0.0150114 -0.205028 0.0386893 0.204702 0.0584084 -0.0756386 0.163387 -0.204538 0.164768 -0.073006 0.125088 -0.0435625 -0.196868 -0.0588778 0.202107 0.127267 0.0417473 0.0410702 -0.137324 -0.151341 0.159912 -0.0266307 0.098967 -0.0875182 -0.0457794 -0.0367921 -0.151167 0.0041559 -0.0476554 0.00318042 -0.0224467 0.0171114 0.00323397 -0.12743 0.139257 -0.249536 -0.175188 -0.0377502 0.0109186 0.193585 -0.00724268 -0.0446664 0.0710144 0.141641 -0.0215156 0.0371511 -0.07963 0.163183 -0.086974 0.0371249 0.193931 0.151993 0.264282 -0.0844877
 0.123979 -0.199526 0.0418479 -0.0351757 0.172651 0.00970689 0.153833 0.105684 0.110459 -0.117151 -0.0865323 0.0546556 -0.154727 -0.0696279 0.09753 -0.0736392 -0.118831 0.252667 -0.0881671 0.263405 -0.172261 -0.168971 0.00768368 0.00367646 0.0521032 -0.20209 0.168941 -0.155744 -0.0481705 0.189184 -0.0779482 0.118283 0.0751114 0.040845 -0.0672042 0.0297371 -0.0108591 0.0429152 -0.117559 -0.10324 -0.103596 0.14304 -0.169761 -0.186039 0.153148 0.1766 -0.143306 -0.160672 -0.00678994 0.1338 -0.0396411 -0.0630043 -0.00248398 0.126216 -0.0282455 0.277834 0.0125881 0.127151 0.108006 -0.022732 -0.0920462 -0.186069 -0.0720784 -0.00692581
