# Created from debug
# name: A
# type: matrix
# rows: 64
# columns: 64
 0.840165 0.228509 0.50956 0.348905 0.144215 0.469912 0.0953637 0.321464 0.471582 0.890253 0.71296 0.679192 0.893919 0.059676 0.770009 0.197591 0.183338 0.497762 0.366891 0.920046 0.684578 0.466702 0.147832 0.257778 0.116859 0.641204 0.497147 0.228138 0.168608 0.272397 0.948005 0.709047 0.378195 0.141103 0.877815 0.338521 0.487722 0.0247186 0.649709 0.285835 0.901738 0.855045 0.757991 0.208825 0.639003 0.329974 0.306159 0.00136423 0.53783 0.381772 0.985749 0.773615 0.717197 0.954767 0.220237 0.799358 0.383873 0.400478 0.685568 0.548362 0.411114 0.343732 0.0309387 0.994308
 0.730199 0.581413 0.318276 0.0299025 0.53438 0.629117 0.908489 0.539242 0.411908 0.721131 0.751817 0.159359 0.490037 0.37604 0.153999 0.38295 0.641555 0.831355 0.302845 0.138182 0.382906 0.308261 0.535807 0.455628 0.347137 0.142193 0.509629 0.727251 0.898735 0.272984 0.791199 0.0930377 0.531151 0.0674751 0.797689 0.767714 0.0213178 0.234711 0.248306 0.738868 0.0729126 0.573114 0.630039 0.828296 0.210072 0.955293 0.189889 0.0779984 0.705331 0.856137 0.988943 0.292697 0.136857 0.452382 0.859175 0.98449 0.111333 0.588107 0.991751 0.986734 0.95613 0.844781 0.877313 0.207693
 0.556933 0.770115 0.317854 0.757435 0.691509 0.679029 0.206246 0.946939 0.708833 0.771619 0.605141 0.838129 0.626911 0.669951 0.761881 0.738746 0.890181 0.840733 0.696931 0.820501 0.725186 0.81608 0.502691 0.401796 0.176439 0.798735 0.343185 0.758009 0.557522 0.706194 0.745272 0.937097 0.873108 0.54239 0.462655 0.969072 0.808289 0.00303142 0.276876 0.968059 0.715887 0.952935 0.954324 0.461463 0.564072 0.943391 0.255097 0.560711 0.237959 0.753067 0.0764392 0.0024739 0.299593 0.285641 0.239842 0.522114 0.473897 0.349914 0.938331 0.14895 0.152597 0.4433 0.585765 0.958323
 0.724096 0.106631 0.314645 0.251941 0.814713 0.473889 0.745633 0.603204 0.791041 0.166814 0.189407 0.3964 0.681366 0.321195 0.186152 0.236675 0.716524 0.981794 0.445125 0.327981 0.846331 0.109673 0.168081 0.0413781 0.287981 0.0306749 0.0918444 0.857263 0.793262 0.940938 0.692386 0.954837 0.200175 0.869447 0.267747 0.407394 0.557213 0.248435 0.437642 0.540799 0.688962 0.841635 0.287152 0.292594 0.109077 0.124601 0.454994 0.568039 0.860097 0.453743 0.947237 0.969035 0.414154 0.770968 0.777348 0.197591 0.993751 0.999525 0.865397 0.00105546 0.804121 0.639548 0.874001 0.241043
 0.446638 0.00368675 0.541932 0.907838 0.789582 0.59978 0.669562 0.623509 0.978257 0.629126 0.301636 0.562927 0.519717 0.0710906 0.101046 0.0479209 0.274101 0.00703433 0.197772 0.927113 0.0110986 0.18518 0.895706 0.339845 0.249985 0.897076 0.326791 0.79109 0.507792 0.0256521 0.207908 0.977682 0.708473 0.697272 0.379035 0.703136 0.136064 0.660725 0.270452 0.296656 0.429294 0.638619 0.967626 0.710303 0.490719 0.478638 0.724958 0.877462 0.28609 0.410078 0.991208 0.547092 0.339244 0.94837 0.882627 0.517045 0.652498 0.992332 0.908708 0.457037 0.0567206 0.576075 0.491733 0.435961
 0.441274 0.739774 0.755628 0.000796324 0.236227 0.572954 0.445281 0.720425 0.811754 0.668862 0.874327 0.688205 0.171763 0.303693 0.90113 0.811856 0.128406 0.773097 0.353419 0.420849 0.297766 0.920243 0.00966729 0.121911 0.673963 0.420449 0.631588 0.567543 0.0216051 0.41167 0.193793 0.00809339 0.75442 0.265884 0.817896 0.143013 0.0672026 0.61085 0.845941 0.0220151 0.454042 0.0835346 0.691283 0.926455 0.312549 0.503322 0.390646 0.691934 0.77969 0.410463 0.331704 0.250878 0.363539 0.875859 0.577273 0.10503 0.95309 0.694143 0.0305368 0.198551 0.224309 0.523033 0.903662 0.955175
 0.723855 0.967777 0.543075 0.172175 0.0348276 0.131821 0.100253 0.127017 0.890451 0.756261 0.872149 0.350487 0.0837724 0.109404 0.241609 0.432746 0.395005 0.648967 0.430813 0.513815 0.0149567 0.789833 0.239887 0.514787 0.847016 0.417638 0.711641 0.21288 0.483292 0.906632 0.318954 0.0562466 0.319199 0.562243 0.312194 0.75787 0.170838 0.0529169 0.960706 0.757474 0.595992 0.43169 0.0235099 0.955862 0.994499 0.206825 0.033281 0.0787627 0.980652 0.500946 0.680849 0.66211 0.743812 0.181719 0.508458 0.456386 0.597442 0.4035 0.769766 0.638536 0.135132 0.10825 0.040782 0.286582
 0.225342 0.40313 0.406867 0.869428 0.203211 0.944067 0.674604 0.540586 0.052627 0.264556 0.618994 0.979101 0.242171 0.913963 0.501979 0.0639903 0.324838 0.583987 0.79022 0.539173 0.0906845 0.339483 0.932361 0.608404 0.617851 0.283614 0.251521 0.0723273 0.475151 0.861353 0.587041 0.78304 0.749569 0.759763 0.889583 0.776622 0.454574 0.164041 0.727079 0.680427 0.48494 0.326669 0.50703 0.653341 0.218889 0.442959 0.578431 0.554254 0.106697 0.953421 0.208467 0.580635 0.654071 0.720851 0.134267 0.676942 0.4085 0.79236 0.0191591 0.149612 0.784781 0.788655 0.407874 0.520634
 0.347051 0.0675683 0.334144 0.147037 0.0731273 0.215184 0.267087 0.438377 0.642355 0.12418 0.960909 0.492576 0.611879 0.818741 0.232453 0.713181 0.717954 0.483087 0.413064 0.117719 0.0617965 0.525046 0.915735 0.329795 0.722752 0.540067 0.0771591 0.706642 0.310421 0.951964 0.331733 0.698052 0.843642 0.0161706 0.74635 0.229107 0.592401 0.855077 0.488872 0.672174 0.834386 0.209145 0.314225 0.11003 0.358283 0.700068 0.45226 0.809817 0.912813 0.519027 0.314636 0.715914 0.291402 0.0629589 0.287701 0.54094 0.396955 0.42479 0.651538 0.569851 0.741884 0.865048 0.411971 0.0665114
 0.850559 0.451044 0.839582 0.687881 0.651157 0.0607091 0.371941 0.153804 0.240188 0.662794 0.430362 0.179176 0.917731 0.574365 0.971248 0.740504 0.937481 0.194052 0.982741 0.0496858 0.964415 0.94043 0.265765 0.229993 0.661587 0.491326 0.708539 0.56743 0.886103 0.277816 0.860301 0.0763791 0.694612 0.363942 0.942466 0.822531 0.869621 0.360248 0.256948 0.00543026 0.419994 0.440425 0.199971 0.568564 0.801569 0.187941 0.73094 0.327263 0.480754 0.288588 0.693933 0.082794 0.512095 0.931336 0.153091 0.151072 0.297692 0.848463 0.107308 0.752432 0.721722 0.722483 0.932939 0.642016
 0.0344544 0.710935 0.248892 0.369456 0.0879024 0.404829 0.830779 0.16886 0.419383 0.951018 0.36955 0.285197 0.42474 0.541425 0.556552 0.296203 0.612988 0.806426 0.102559 0.680123 0.323441 0.135406 0.813892 0.974895 0.501065 0.886708 0.418308 0.777662 0.422511 0.461394 0.356324 0.794416 0.68069 0.215883 0.680104 0.168356 0.826614 0.62175 0.676701 0.93703 0.876866 0.485368 0.389382 0.595738 0.399284 0.690249 0.538526 0.0747696 0.0855095 0.274735 0.490823 0.0718686 0.204015 0.118455 0.897855 0.849349 0.423809 0.75194 0.322146 0.373944 0.516294 0.342355 0.592633 0.255389
 0.425199 0.657864 0.790794 0.00733558 0.0402802 0.841152 0.808143 0.665138 0.86491 0.063203 0.672863 0.278909 0.00575364 0.193147 0.194363 0.789086 0.658585 0.524188 0.0711 0.80751 0.131509 0.232027 0.910114 0.629391 0.447577 0.828697 0.166763 0.640232 0.041399 0.514503 0.448794 0.118465 0.863533 0.313004 0.745716 0.153229 0.022777 0.68568 0.142615 0.156412 0.876003 0.950811 0.100599 0.754208 0.267699 0.158278 0.771833 0.0891765 0.419126 0.670796 0.584723 0.972165 0.724902 0.012414 0.629016 0.501457 0.206054 0.695671 0.0353252 0.786445 0.0819803 0.953674 0.783337 0.236812
 0.749782 0.341566 0.681459 0.654796 0.345453 0.986593 0.540413 0.349009 0.752705 0.314492 0.444127 0.907425 0.99454 0.60911 0.698969 0.985199 0.16501 0.79639 0.488694 0.624497 0.123359 0.501599 0.631359 0.759092 0.827806 0.378263 0.636 0.118084 0.684464 0.506125 0.653084 0.276991 0.875137 0.0829817 0.591628 0.551325 0.810462 0.234055 0.608197 0.499604 0.714286 0.471609 0.375818 0.307043 0.462294 0.993885 0.851258 0.00692306 0.666428 0.21011 0.449655 0.578087 0.155393 0.366891 0.118005 0.521232 0.488488 0.867621 0.12364 0.113675 0.945986 0.0290571 0.745077 0.955595
