# Created from debug
# name: Ucpu
# type: matrix
# rows: 64
# columns: 64
 0.121782 -0.121706 -0.0469363 -0.147257 -0.258333 -0.0282252 0.0810867 -0.0151026 0.031702 0.108602 -0.102785 -0.0985332 0.0909031 -0.0235055 0.0579611 0.0584195 -0.266871 0.126572 -0.159288 0.0557722 -0.0815828 0.0221569 -0.112261 0.0159098 -0.236849 0.0613674 0.204277 -0.0283629 0.121819 -0.277857 -0.0459811 0.166629 -0.0243105 -0.213854 0.165743 0.00171581 -0.0240294 0.228311 -0.0284294 -0.0128404 0.039999 0.0167669 -0.00575737 0.0333079 -0.0540184 -0.180713 -0.000897662 0.0221745 0.0129803 0.114686 0.111223 0.125869 0.101761 0.0251076 0.00643277 0.0619776 0.321296 0.100162 -0.139611 0.0760237 0.0122884 -0.034213 0.140541 -0.027727
 0.127136 -0.0279359 -0.0381763 0.110943 -0.0059133 0.0639443 0.101056 -0.110752 -0.0126937 0.187076 0.190265 -0.0456757 0.0107766 -0.0766077 -0.0102714 0.176692 0.0925869 -0.0349722 0.193717 -0.0366136 0.105083 0.12001 0.00152354 0.0509674 0.0593297 -0.0484516 0.235138 -0.00386349 0.204019 0.0842112 0.178487 -0.109153 0.128647 0.173782 0.23879 -0.030556 -0.438741 0.1007 0.165448 -0.00625478 -0.241151 -0.0447192 0.1034 0.042708 -0.260055 0.0521268 -0.04747 -0.152198 -0.00321431 0.117128 -0.101867 0.0373779 0.193765 -0.242496 0.0134939 -0.0386134 -0.0964583 -0.00426026 -0.0718021 -0.0106251 0.0193228 0.167383 -0.0670804 -0.30286
 0.148113 -0.0763642 -0.00997522 -0.119431 0.0534171 0.122399 -0.0583212 0.0981336 0.0420669 0.0476592 -0.0270023 0.0911161 0.0560409 -0.249973 0.0468158 -0.13113 0.0144976 0.0270398 0.248633 -0.0940657 -0.195906 0.0310207 -0.0495832 0.0321822 -0.0118774 -0.0123988 -0.00256469 -0.2507 -0.122949 0.181602 0.119521 -0.0383526 0.195107 -0.207689 0.0973011 0.333168 -0.0948467 -0.14017 -0.0432801 -0.0353329 -0.084096 0.289684 0.094102 0.0724739 -0.102558 -0.0721014 -0.0850629 0.214734 -0.0746605 0.0115258 0.131961 0.0370754 0.0326931 -0.0220288 -0.126462 -0.0676594 -0.0465955 0.0168237 0.103545 0.0478015 -0.0654194 -0.102993 -0.00584463 -0.227349
 0.127457 0.150266 -0.0450257 0.160669 -0.10721 0.125906 -0.173581 0.00564489 -0.0276763 -0.0763792 -0.0197277 -0.0595294 0.349093 -0.278971 -0.201667 0.0397419 -0.0044879 0.0544649 -0.166429 -0.0516847 0.00411647 -0.158751 -0.173086 0.156354 -0.181424 -0.202684 0.100239 0.118163 -0.0251466 -0.0641679 -0.186863 -0.0679279 0.0932452 -0.0313728 -0.0515773 -0.107399 0.00825442 -0.127669 0.199483 -0.195848 0.0678375 0.0266023 0.0481575 0.0242957 0.0618808 0.260103 -0.0849824 0.15551 -0.0245456 0.00543572 -0.118971 0.152768 0.0529873 0.0141808 0.146505 0.0116485 0.0731626 0.1031 0.0211582 0.0700418 0.163232 0.0350929 -0.067474 0.0640757
 0.128337 -0.0438337 0.104542 0.160978 -0.134345 0.188109 0.00987516 0.152601 0.0881866 -0.0102961 0.0611952 0.062007 0.210743 0.0125754 -0.0892172 -0.0523229 -0.138929 0.0148974 0.116652 -0.0508974 -0.0385372 0.0208479 0.202766 -0.00873929 -0.00695488 -0.106958 0.166007 -0.120928 -0.0453324 0.105155 0.165533 0.147607 0.335873 0.240147 0.0523613 -0.166663 -0.0303384 -0.146164 -0.0453548 0.060011 -0.133287 -0.0304619 -0.0830162 0.0821299 0.166228 -0.283742 0.183495 0.102798 0.0807687 -0.0429942 0.158425 0.018697 -0.122571 -0.185205 -0.0102248 0.209768 -0.0146222 -0.121546 -0.0424209 -0.06795 0.115305 0.0303821 -0.195392 -0.072008
 0.119967 -0.147775 -0.0953935 -0.0416249 -0.0242466 -0.0547438 0.122129 -0.0700332 0.121479 -0.0053622 -0.209049 -0.250212 -0.137583 0.092586 -0.0869938 0.0594927 0.0570224 0.124038 0.173438 0.277198 0.0955435 -0.0781954 0.135141 -0.200643 -0.12204 -0.0158186 -0.137653 -0.0676171 0.116622 -0.0610901 -0.0783903 0.0943744 0.0541886 -0.0752111 0.00668583 -0.0332058 -0.169082 -0.235186 -0.0917432 0.039805 -0.146311 -0.0534685 -0.0314883 -0.000517372 0.130412 0.139994 -0.0660391 -0.021257 -0.089931 0.0602815 0.126919 -0.031055 -0.100902 -0.0910695 -0.290032 0.0497136 0.0931827 0.083437 -0.0485773 -0.0251844 0.218373 0.113149 0.0973821 -0.0354662
 0.112073 0.0499744 -0.000598189 -0.157123 -0.118886 0.0937359 0.0624694 -0.0673047 0.173271 -0.0840325 0.0756307 -0.175183 -0.216821 0.183409 -0.0668225 0.114512 -0.0612492 -0.0323278 0.149069 0.130678 0.133456 0.0262307 -0.0996166 -0.0219123 0.335944 -0.125028 0.0738912 0.0028323 0.0882824 0.0584908 0.127435 -0.0391392 0.00293916 -0.0230605 -0.135858 0.0917624 0.0572539 0.0650023 0.254724 0.217575 0.15096 -0.186197 0.179325 0.200122 0.185638 -0.0872525 -0.124117 0.139065 0.0493296 0.179948 -0.148306 -0.274521 -0.0210186 -0.0872005 0.0446023 -0.00284558 0.0805294 0.040619 0.063525 -0.215014 0.101116 -0.183443 0.175533 0.0490724
 0.126183 -0.118864 -0.0396063 0.0166237 0.318678 -0.120752 -0.188049 0.15761 0.0200129 -0.0953931 0.0477577 -0.0492885 -0.15853 0.290312 0.0910503 -0.0649769 -0.00165544 -0.153771 -0.243046 0.107477 -0.190238 -0.228623 0.0750936 0.167375 0.0833193 -0.217121 -0.0817425 -0.0110014 -0.154159 0.185577 0.0139998 -0.0263718 0.0309997 0.155577 0.0677598 -0.0566763 -0.0132903 -0.062907 -0.091251 -0.0950925 0.295896 0.217365 -0.00961772 -0.0791008 -0.0479488 0.058762 0.199664 -0.019452 -0.0333904 0.117846 -0.112865 -0.156602 0.322513 0.0693445 0.00430111 -0.114041 0.0100549 -0.0114847 -0.321669 0.0739562 0.0321754 0.1427 0.14915 0.0941012
 0.116599 -0.0183304 -0.215865 -0.0422706 -0.0475483 0.0246255 0.0657783 0.222075 0.0382496 -0.104484 0.241812 -0.0753829 -0.0738021 -0.0493451 -0.0955221 0.0464637 0.124313 -0.0444677 0.139613 -0.359134 0.00915803 -0.178564 -0.00500423 -0.0202676 0.151474 0.0219833 -0.0444315 -0.0937138 -0.122123 -0.185505 -0.0278933 -0.0402709 -0.15378 -0.154772 -0.0336653 -0.155995 -0.00690297 -0.0783135 0.15249 -0.00112762 -0.00948335 -0.00049848 -0.0427139 -0.261465 -0.0606279 0.0780342 -0.202555 -0.0476222 -0.0705739 0.0789984 -0.0266558 0.124871 -0.0716823 0.229602 -0.107602 -0.126945 0.18896 0.0495878 0.0410921 0.048741 -0.119997 -0.0467826 -0.108603 -0.0342291
 0.133585 0.142704 -0.0756039 -0.113225 -0.0911534 0.144702 0.175048 -0.237852 0.112594 0.236608 -0.0500647 0.0898849 -0.0628302 0.194258 0.19334 0.034895 0.0971269 -0.159129 -0.026084 -0.0257349 -0.0336278 -0.130709 -0.0801031 -0.0758148 -0.0399339 0.145043 -0.0392925 0.06956 0.0165817 -0.0786747 -0.0771091 -0.0447349 0.155096 -0.176376 0.15036 -0.218437 0.0286534 0.099881 0.168397 -0.183882 -0.0641315 0.0453063 0.0142238 0.0151474 0.0928068 0.142227 0.0806943 0.025216 -0.0814086 -0.266468 0.0411142 -0.00634345 -0.157262 -0.0904215 -0.120752 0.0798295 -0.0159996 -0.0880612 -0.0760439 0.109724 -0.00839344 0.321547 0.00963398 0.0368188
 0.120782 0.152894 -0.0164814 0.135215 0.00270525 -0.0866864 -0.137188 0.120594 0.0438115 0.204298 0.181799 0.0132654 -0.125207 -0.0200037 -0.105808 0.0187352 0.00295075 0.0112478 0.0336224 0.0523146 -0.000104168 -0.0132974 0.103838 0.0683262 -0.0656935 0.149043 0.0769931 0.129308 0.111659 -0.212336 0.028511 -0.0418986 -0.183671 -0.00122886 0.120499 0.167448 -0.0612933 0.0613855 -0.0998268 0.150582 -0.0440064 0.0779835 -0.232345 0.011605 -0.0239432 0.0644546 0.0473436 0.0864898 -0.246268 -0.104526 0.123158 -0.0574028 0.204568 0.0734408 0.127251 -0.0173987 0.0374813 0.309961 -0.0165967 -0.264767 -0.107922 0.128748 0.157278 0.0919936
 0.115121 -0.209693 -0.03718 0.156535 0.0368373 0.0595522 -0.00719962 0.139792 -0.112173 -0.0786118 0.0990923 -0.197052 -0.0685698 -0.219698 0.0483749 0.0545031 0.0018084 -0.0382436 0.0665316 0.0310137 0.418012 0.105006 0.2238 -0.024872 -0.0282709 0.0458776 -0.0530658 -0.163708 -0.211607 -0.0236898 0.171457 0.0611626 -0.150289 0.111437 0.0880369 0.0462664 -0.0281172 0.0920583 0.247008 0.0224258 0.132471 0.167436 0.109195 -0.118902 0.0305145 0.0438175 0.118048 0.0203508 0.127863 -0.0688325 0.0327181 -0.153469 0.0594316 0.0187932 0.035511 0.0802114 0.297465 0.114141 0.00487806 0.0734352 0.195786 -0.0654807 -0.0469135 -0.0920039
