# Created from debug
# name: Ucpu
# type: matrix
# rows: 32
# columns: 32
 -0.0776133 0.193817 0.213964 0.0724899 -0.131385 -0.120682 0.172561 -0.278017 0.275691 -0.0712943 -0.250674 0.0597175 0.23757 0.00237936 -0.394157 0.0330171 0.221724 0.138534 -0.065323 -0.131294 0.0353614 -0.108989 0.0456159 0.279128 -0.313067 -0.0712739 -0.283467 0.0305918 0.125525 0.371481 0.10851 -0.188426
 0.131982 0.150843 -0.105053 0.11158 0.0303143 -0.281552 0.146991 -0.0647794 -0.14353 0.373694 -0.0283994 -0.00989374 -0.0340467 0.221183 -0.123152 0.266413 0.175195 0.283403 -0.158598 0.0289685 -0.0655746 0.222546 0.137632 0.0755327 -0.0209914 -0.0150831 0.133029 0.105166 0.130787 -0.363837 0.125044 -0.0704153
 0.111926 0.173045 -0.229006 0.2288 -0.275678 -0.199426 -0.0538449 -0.207337 -0.215814 -0.0254219 -0.180924 0.0390987 0.110877 0.160408 -0.333013 0.048944 -0.235668 -0.226657 0.227408 -0.106114 0.17073 -0.0628464 -0.190255 -0.0341287 0.259771 0.0571527 0.0547514 -0.136997 -0.195172 0.0536322 0.00727104 -0.381851
 0.198096 0.164446 0.245013 -0.0511184 -0.28938 0.226735 0.0934472 -0.0481234 -0.12747 0.405765 0.269436 0.09087 0.0655279 -0.175538 -0.194092 -0.108111 0.13845 -0.0779146 0.0293322 -0.0796772 0.205229 0.0664114 0.330431 0.109953 0.138149 -0.175086 0.128197 0.196082 -0.0265974 0.254932 -0.13491 0.0494352
 -0.134906 0.171992 -0.0827825 0.130616 0.0351574 -0.253648 -0.309565 0.225123 -0.251717 0.026754 0.129493 0.148052 0.0420904 -0.0604634 0.265575 0.119917 0.195809 -0.0975797 0.031053 -0.138161 -0.145191 -0.209076 -0.0620941 -0.0557021 0.132079 -0.172245 -0.0692914 0.121575 0.258458 0.13407 -0.348873 -0.142273
 0.0130935 0.156808 -0.100625 0.366858 -0.268122 0.456927 0.275405 0.271082 -0.00276858 -0.0582725 0.16799 -0.0638894 0.0705843 0.0847104 0.236664 0.00859372 0.11135 -0.210509 0.0356679 0.0599945 -0.151733 0.0285547 0.14109 0.0677491 -0.0977737 -0.233443 0.0525858 0.014361 0.101766 -0.186939 0.100787 -0.109342
 0.250442 0.190564 0.166951 -0.242255 0.127964 -0.063152 0.184087 -0.00602852 -0.138815 -0.031251 0.0975969 -0.401548 -0.0453949 -0.250055 -0.142293 0.18049 -0.230756 -0.0425094 0.220623 -0.149639 -0.314838 -0.0183879 0.13044 0.15629 0.216996 -0.0784637 -0.167843 -0.204158 0.239348 -0.136126 0.0522252 0.068316
 0.052124 0.190365 -0.256113 -0.00102299 0.165079 -0.0032659 -0.103083 0.032201 -0.295417 -0.0910845 -0.0457111 -0.311431 0.125358 0.279606 -0.00703885 -0.138413 0.00913907 -0.00627444 -0.326746 0.234577 -0.210406 -0.114802 0.0103353 0.0793848 -0.121227 -0.0986402 0.290445 0.0659924 0.0683356 0.141637 0.181085 -0.117243
 -0.269471 0.161658 -0.149601 0.104843 -0.253622 -0.257072 -0.0118711 0.210523 -0.182486 -0.0570395 -0.0910743 -0.042439 0.0908935 -0.0132198 -0.0896431 -0.202721 -0.0553884 -0.28973 -0.361596 -0.157274 0.162398 -0.255782 0.172075 -0.325142 -0.212981 -0.182483 0.0101968 0.0240109 -0.0427127 -0.0852928 0.17244 -0.0185923
 0.281205 0.174262 -0.0758173 -0.0699118 -0.229564 0.0223118 -0.152573 0.00681461 0.20033 0.147224 0.0543906 0.109254 0.511697 0.121362 -0.144275 -0.0776388 -0.218785 0.134236 0.210107 -0.0375223 -0.293756 0.1198 -0.10226 -0.0111468 0.121097 0.00298954 -0.347551 0.057351 0.156399 0.142239 0.150823 0.0777795
 -0.0445861 0.193485 0.0142668 -0.00154157 0.0999623 0.0796109 -0.204733 -0.0740388 -0.140188 0.107787 -0.132946 -0.181966 0.306172 -0.128185 0.00995163 -0.349756 0.229441 0.00985597 -0.0586183 -0.130701 0.346969 0.152856 -0.201984 0.0189055 -0.255254 -0.0198648 0.120612 -0.241736 0.239062 -0.277854 -0.306954 -0.0249014
 0.0204419 0.156528 0.168144 -0.301533 -0.0522375 -0.0133825 0.15865 -0.022163 -0.0306168 0.0685527 -0.164823 0.218226 -0.288872 -0.464923 0.0265858 -0.13398 0.0541459 -0.0116772 -0.27296 0.128757 -0.165014 0.215423 0.0489702 -0.385282 0.219757 0.0950968 0.0991628 -0.308539 0.30044 0.209749 0.184138 0.174465
 0.383544 0.167884 0.223074 0.283564 -0.0953872 0.114965 0.00687805 -0.177845 -0.0366841 -0.110667 -0.247687 0.0243375 -0.0611073 0.00957722 0.0519678 -0.0300927 -0.285288 -0.046628 -0.144535 -0.371268 -0.259854 -0.0405763 0.110727 0.173258 0.00502671 -0.281953 0.260258 -0.0719412 -0.194827 -0.197875 0.00273722 0.0633671
 0.234613 0.182034 0.152921 -0.303745 4.64362e-05 0.069434 -0.228382 -0.184832 -0.260748 -0.204596 0.126665 0.207836 -0.243888 0.0559795 0.0470497 0.155437 0.13456 -0.04516 0.358704 -0.139947 -0.0321788 0.0230763 0.0354761 -0.275841 -0.196531 -0.0542552 -0.157385 0.151035 0.0528381 -0.2935 0.250362 0.0524607
 0.0311571 0.201062 -0.0638946 0.248066 -0.168669 0.152171 -0.131806 0.0684771 0.200593 -0.100786 -0.0172611 -0.123606 -0.0602794 -0.15205 -0.142838 0.130646 0.284411 0.145932 0.020211 0.11685 -0.122779 -0.24612 -0.0275919 -0.261839 0.110613 -0.00708098 -0.109668 -0.111985 -0.167117 0.0475529 -0.208792 0.0621621
 -0.192747 0.165139 -0.214261 -0.137907 -0.0971392 0.0820204 -0.155818 0.240427 -0.00491696 0.204855 -0.173976 0.0477253 -0.223942 -0.0205847 -0.0280011 0.0752108 0.245955 0.286056 0.0716781 -0.241135 0.237771 -0.320748 0.0316731 0.272867 0.2165 0.262552 -0.0202809 -0.0818625 0.018218 -0.0494049 0.262611 0.0547692
 0.0050611 0.192975 0.25714 0.093395 -0.119461 -0.111881 -0.129094 0.161365 -0.0358566 0.0342209 -0.260233 0.203493 -0.0108065 0.136246 -0.264865 0.0040535 -0.235863 -0.0275954 -0.130487 -0.162908 -0.00913681 0.108748 -0.229093 -0.0570918 0.0748404 -0.133151 -0.0509691 0.265394 -0.118177 -0.148695 -0.177403 -0.139504
 -0.130969 0.190031 0.0889906 0.103305 -0.125622 0.0910528 -0.236997 0.101247 0.196748 -0.0278913 -0.183238 0.0077053 -0.167732 -0.226363 0.277361 0.110069 -0.221128 0.117787 0.258929 0.100251 0.0786819 0.0730878 -0.185266 0.118705 -0.259405 0.0645235 0.301886 0.129591 0.15558 0.199997 -0.0210984 0.366412
 -0.0826082 0.185858 0.378532 -0.162837 0.282005 -0.0520084 0.10346 0.0471826 -0.200161 -0.0307431 -0.155256 -0.332729 0.180936 -0.283957 0.0714165 0.108965 0.159544 0.0828145 0.0225297 0.338202 0.0337101 0.0335571 0.089395 0.00293687 -0.0343914 -0.0946 -0.0597762 0.0176301 -0.525669 0.157709 0.101736 -0.169175
 0.144501 0.159321 0.21413 0.0841517 0.209611 0.00422479 -0.265226 -0.0680175 0.340311 -0.0113202 0.495624 -0.0390909 -0.0010362 -0.0737706 -0.243566 -0.0199763 0.0217587 0.0503203 -0.290773 0.195907 0.0580679 -0.20689 -0.0937172 0.230301 0.241853 0.196567 -0.117756 0.160696 -0.0300133 -0.15161 0.11563 0.0842649
 0.0744687 0.183648 -0.24068 -0.0493675 -0.131806 0.0815803 -0.249437 -0.123706 -0.0128224 -0.135286 0.177462 -0.212464 -0.188592 0.198355 0.188879 0.0675647 -0.131932 0.172927 -0.125633 -0.123646 0.259343 0.319686 0.427005 -0.202294 -0.0365574 -0.125169 -0.201491 0.0799403 0.0221628 0.277513 -0.0883299 -0.0674637
 -0.27977 0.189247 -0.14707 -0.0193339 0.148491 0.0758965 0.0709797 -0.130704 -0.121387 -0.242889 0.208517 0.472607 0.16075 0.0547658 0.145216 -0.177088 -0.0238621 0.41333 0.1192 0.133445 -0.0362442 0.0200933 -0.246311 0.208139 -0.0824755 0.0353554 0.028124 -0.281054 -0.0537929 0.0281461 0.0887021 0.0248145
 -0.234918 0.175996 0.126283 0.0194803 0.388114 0.383595 0.153507 -0.259299 0.191109 0.0578847 -0.0452515 -0.108246 -0.0510227 -0.0271116 0.152015 0.00727994 -0.0409679 -0.289388 -0.0859443 0.28206 0.115467 0.0437847 -0.2628 -0.000660585 0.0935942 0.160651 0.13875 0.0514647 0.149394 -0.00902854 0.273506 -0.376377
 0.150695 0.181091 0.0462425 -0.107488 -0.0464257 -0.157571 0.306606 0.154255 0.138331 -0.414294 0.0660079 0.0891418 -2.30715e-05 0.113898 -0.00580081 0.047751 -0.110322 -0.0510659 0.10937 -0.0153354 0.390468 -0.10472 0.126141 -0.0889099 0.214309 -0.348224 0.0958814 0.0666983 0.115952 -0.0531752 0.147941 0.187059
 0.40106 0.164186 0.0359251 -0.103359 0.0943745 -0.00725363 0.176498 -0.135867 -0.148922 0.171729 -0.0465682 0.00453203 -0.1539 0.225888 0.0548869 -0.423247 -0.0724674 -0.0358083 0.0888571 0.252266 -0.108236 -0.432816 0.16249 -0.207749 -0.0871113 0.107726 -0.170673 -0.0319553 0.122696 -0.012544 -0.343651 -0.270506
