# Created from debug
# name: Vcpu
# type: matrix
# rows: 32
# columns: 32
 0.725499 0.148262 -0.0421041 0.166078 -0.359317 0.283997 -0.0599762 -0.135651 -0.00811612 -0.00337765 0.0744688 -0.163298 0.0798263 -0.100422 0.0567435 -0.0602841 -0.112772 -0.111126 0.183823 0.0609652 0.067465 -0.0658209 0.0115764 -0.140023 0.0262281 -0.149191 -0.0671267 0.00937442 0.03551 -0.0992489 0.0713373 -0.00391521
 -0.570731 0.19509 -0.3417 0.19427 -0.225531 0.237825 -0.109474 -0.0685895 -0.041206 0.00489952 0.0410381 -0.138815 -0.160708 -0.048413 0.200436 -0.133889 -0.0558663 -0.193085 0.234614 0.177004 0.0376912 -0.0676528 -0.141296 -0.0973737 -0.104861 -0.228848 0.0686882 -0.0897826 0.0388095 -0.0220474 0.0897667 0.0150777
 -0.0817949 0.18642 0.231821 -0.364973 0.0736238 0.161509 -0.263391 -0.00622142 -0.0768479 -0.19562 -0.275866 -0.226902 -0.259344 -0.305167 -0.00136002 0.0443443 -0.117557 0.0716809 -0.119263 -0.089866 0.060604 0.0955974 0.230472 -0.14135 0.201364 -0.218694 -0.0924733 -0.0475278 -0.0720313 -0.134823 -0.148691 0.254463
 0.0171629 0.16813 0.140949 0.287062 -0.109893 -0.171995 0.0559982 -0.256715 -0.401526 -0.111719 -0.00432744 0.136331 -0.199302 0.198343 -0.217076 -0.194358 -0.0604405 0.239691 0.0822977 -0.0386221 -0.403028 -0.00677375 0.119878 0.00538718 -0.0396314 -0.164301 0.00283925 -0.0891336 -0.165748 0.239639 -0.0671257 0.173296
 0.0627345 0.122561 -0.135848 0.185077 0.479427 -0.0736809 -0.217902 -0.303427 -0.00715825 0.0268979 0.173354 -0.00865286 0.0104309 0.107268 -0.210561 0.189766 -0.0278705 -0.322328 -0.134102 0.0651246 1.61993e-05 -0.0322001 0.201953 0.0730385 0.0335182 -0.0844524 0.231749 -0.0379024 -0.0445623 -0.31833 0.257487 0.153528
 0.0228938 0.189387 0.332104 0.344851 0.272902 0.160216 0.0694553 0.387059 0.0469719 -0.0174249 0.0605422 0.200966 -0.23631 0.00313107 0.111058 -0.128382 -0.0434189 0.0197592 0.132593 0.101673 0.190185 -0.192653 -0.0793142 -0.132462 0.12256 0.235258 -0.0765463 -0.152778 -0.314212 -0.137016 0.0616219 0.0139659
 0.120337 0.175711 -0.409127 -0.230906 -0.00238534 0.0485155 0.285185 0.143279 -0.110921 -0.100942 0.0252286 0.032601 -0.19276 0.209279 0.0541183 -0.0525243 0.0426849 0.338734 -0.169028 0.274866 0.104062 -0.111964 0.314299 -0.173368 -0.0846944 0.165191 0.226816 -0.0707241 0.182029 -0.132023 -0.000585461 0.0672754
 -0.00172812 0.170844 -0.217772 0.18699 -0.0522405 0.00333059 -0.171146 0.376872 -0.122016 -0.163548 -0.222283 0.136034 0.31312 0.149734 -0.322253 0.086212 0.112854 -0.0029777 -0.114189 -0.142305 0.219935 0.0909941 0.030899 -0.0325384 0.099426 -0.309706 -0.0161557 -0.253217 -0.0275992 0.0164935 -0.141633 -0.277642
 -0.153563 0.154898 0.0592438 0.263011 -0.267883 -0.0744893 0.17985 -0.0253095 0.350711 -0.0859869 0.105978 0.00762682 -0.108811 -0.213518 -0.330149 0.0619899 0.217233 0.0585243 0.100029 0.0285464 0.17654 0.174591 0.340543 0.0387743 0.2571 0.0663953 0.0656157 0.362726 0.0621041 0.0513053 0.0592052 0.0235884
 0.0206436 0.194841 -0.124404 -0.0601448 -0.17488 -0.282927 0.0786707 -0.0221383 0.384703 0.345088 -0.299953 0.036745 -0.0322965 0.0153559 -0.0898398 -0.136412 -0.3047 0.0674137 0.059257 -0.143609 0.065689 -0.0598285 0.0479592 0.231706 -0.252325 -0.0300762 0.00177724 -0.129416 -0.288703 -0.274854 -0.0695141 0.0916018
 0.00880017 0.189053 0.17728 -0.260792 -0.180922 -0.140654 -0.223131 0.169793 -0.0374476 0.0775534 0.364505 0.396813 0.0183437 -0.157421 -0.144838 -0.184767 -0.131137 -0.233221 -0.102857 -0.0578943 0.0972003 0.0641844 -0.0666988 -0.241541 -0.239336 0.00304776 0.292488 0.0213508 0.124475 0.134806 0.0049082 0.12948
 -0.000441068 0.182658 0.00125624 -0.0120187 -0.0728531 0.396913 -0.197152 -0.153186 0.409159 -0.131537 -0.0139906 0.0846622 -0.0935389 0.103617 -0.18849 0.135977 -0.0514659 0.176895 -0.318162 -0.0100425 -0.123074 -0.103397 -0.210082 0.166168 -0.0427279 0.195442 -0.0685042 -0.247161 0.0995279 0.30224 0.183403 0.046665
 -0.0465814 0.203939 0.0611464 -0.128433 0.0994822 0.284821 0.128087 0.124767 -0.339905 0.212866 -0.114589 0.0285975 0.0119305 -0.171776 -0.246845 0.32959 -0.128938 0.0776995 0.326257 -0.091964 -0.0701629 0.0982762 0.0762617 0.14288 -0.306131 0.120964 -0.0432573 0.118734 0.0833002 -0.00104562 0.309774 -0.182791
 -0.0251352 0.19204 0.165808 -0.25048 -0.0714894 0.0962058 0.0145028 0.00843 0.0300181 0.220288 0.298002 -0.190618 -0.0208412 0.251597 -0.145216 -0.0853365 0.15363 -0.0937978 0.0085542 0.372266 -0.173748 0.41386 -0.0252153 0.116212 0.106772 0.0205342 -0.11598 -0.18699 -0.162393 -0.159304 -0.189804 -0.237185
 0.0953705 0.189897 -0.298098 -0.248531 0.267361 -0.0219596 0.325787 0.0555579 0.177746 -0.134309 -0.017479 0.0911939 0.197833 -0.27398 0.0239326 -0.121941 0.0194381 -0.159444 0.191023 0.0229616 -0.273218 0.071398 -0.0592454 -0.0585612 0.246975 -0.114552 0.0346403 -0.108146 -0.256084 0.322009 0.149366 0.0838474
 -0.142866 0.154663 0.14595 -0.114257 -0.167839 -0.0825702 0.122736 0.0663183 0.0646559 0.0115784 0.38587 0.00135465 0.256392 0.200909 0.238664 0.34033 0.0775246 0.0934967 0.122641 -0.283712 -0.0418499 -0.22737 0.204873 -0.0230088 0.080606 -0.162374 -0.239729 -0.232189 0.0578844 -0.0980741 0.127492 0.23465
 0.104979 0.187962 0.133607 0.0156027 0.0273263 -0.126354 -0.0696633 -0.109675 0.0890043 0.219029 -0.338167 0.0838183 -0.157494 -0.0297977 0.128377 0.190618 0.476363 -0.150445 0.263625 -0.00841752 -0.115875 -0.0891148 -0.0131256 -0.101543 0.0202611 0.0903089 0.259974 -0.280576 0.305467 0.0665956 -0.204725 -0.025817
 -0.0462002 0.17645 0.0873608 0.241677 0.0825727 -0.107882 0.0301136 0.000127948 0.0325258 -0.017397 0.159964 -0.149769 0.257614 -0.546231 0.10655 0.0671048 -0.00135941 0.217666 -0.291781 0.210619 -0.239295 -0.160419 0.0761704 0.00240857 -0.264737 -0.0388003 0.0387755 -0.102644 0.017765 -0.0747852 -0.209027 -0.229011
 0.00828235 0.172228 -0.156959 -0.0416509 0.25727 -0.106597 -0.254355 0.104746 0.0708547 0.0737194 0.147697 -0.24973 -0.017956 0.0156689 -0.220733 -0.451503 0.0825026 0.122012 0.185286 -0.262975 -0.134487 -0.22006 -0.0193838 -0.0512598 0.0566298 0.124052 -0.29373 0.123306 0.342523 -0.0575521 -0.0250538 -0.0828413
 0.0118751 0.156554 0.0316979 0.0545918 0.143391 -0.148373 0.0261185 -0.045096 0.02111 -0.233826 -0.0426786 0.0912817 0.219892 0.0243391 -0.0632803 0.121876 -0.170651 0.172476 0.261615 0.339771 0.161238 0.213082 -0.371185 0.101967 -0.03907 -0.00275051 -0.135056 0.0447522 0.31239 -0.118542 -0.203235 0.394895
 -0.0811012 0.163798 -0.00223593 0.0956985 0.12651 0.0809556 0.0823097 -0.371947 -0.0579092 0.411465 -0.0728166 0.277712 0.157464 -0.0289601 0.214825 -0.150636 -0.121239 0.214278 -0.194883 -0.100609 0.189914 0.284462 0.0262568 -0.266068 0.255287 -0.0188069 -0.157562 -0.0214904 0.157701 0.0201283 0.0968351 -0.132461
 0.0877666 0.165284 -0.109936 0.138667 0.184404 0.189567 0.0722203 0.155195 0.206402 0.00881182 0.141994 0.0301938 -0.2202 0.187814 0.215634 0.210336 -0.100338 0.0259511 -0.0498124 -0.334241 -0.233522 0.245382 -0.104965 -0.0713308 -0.124691 -0.214218 0.142565 0.360037 0.00902284 -0.0170752 -0.357246 -0.0314768
 0.0162439 0.172758 0.0490307 -0.0313084 0.0295553 -0.11377 -0.399251 0.0390524 0.128481 -0.198314 -0.164509 0.162768 0.149293 0.201124 0.388033 -0.0471309 -0.0834632 -0.0536445 0.132977 0.239021 -0.0826897 0.0883789 0.417882 0.101303 -0.14347 0.0894516 -0.140621 0.228334 -0.0447257 0.185566 0.111353 -0.182526
 0.0437632 0.162026 -0.273614 -0.150398 -0.0413605 -0.088218 -0.0453231 -0.257064 -0.158441 -0.0713567 0.13052 0.335161 -0.234001 -0.146258 -0.0174014 0.216252 0.21451 -0.112253 -0.045281 0.0086856 0.161137 -0.216083 -0.123208 0.0594289 -0.0378808 0.0828085 -0.436714 0.163207 -0.240289 -0.0398701 -0.24499 -0.12974
 -0.00729805 0.204419 -0.203384 0.0897057 -0.194497 -0.217413 -0.258627 0.13915 -0.200361 0.163033 -0.0228647 -0.267382 0.111759 1.61809e-05 0.0752759 0.26086 -0.0998063 0.0667874 -0.0883971 -0.0449083 -0.117219 0.0791389 -0.182988 -0.144227 0.288365 0.466729 0.130143 0.112361 -0.227632 0.0740719 0.0315022 0.158318
